2358
2810
2911
3033
3145
3257
3369
3710
3811
3912
4044
4156
4268
4610
4711
4812
4913
5055
5167
5279
5510
5611
5712
5813
5914
6066
6178
6410
6511
6612
6713
6814
6915
7077
7189
7310
7411
7512
7613
7714
7815
7916
8088
8210
8311
8412
8513
8614
8715
8816
8917
9099
9110
9211
9312
9413
9514
9615
9716
9817
9918
10010
10101
10111
10112
10212
10313
10414
10515
10616
10717
10818
10919
11011
11112
11203
11213
11235
11314
11415
11516
11617
11718
11819
11920
12012
12021
12113
12122
12214
12223
12305
12315
12324
12358
size: 95
